stat_test1 <- c(6,10,6,10,5,3,5,9,3,3,11,6,11,9,7,5,8,7,7,9)
stat_test2 <- c(10,13,8,15,8,6,9,10,7,3,18,14,18,11,12,5,7,12,7,7)
phycological_test <- c(13,14,7,12,10, 6,8,15,4,14,9,6,10,12,5,12,8,8,12,15)
