comp_A <- matrix(c(16,12,4,8), 2,2)
comp_B <- matrix(c(160,120,40,80), 2,2)

height <- c(165,150,170,168,159,170,167,178,155,159,161.162,166,171,155,160,168,172,155,167)

japanese1 <-c(60,40,30,70,55,60,40,30,70,55)
social1 <- c(80,25,35,70,50,80,25,35,70,50)
static1_man <- c(6,10,6,10,5,3,5,9,3,3)
static1_woman <- c(11,6,11,9,7,5,8,7,7,9)

static_A <- c(54,55,52,48,50,38,41,40,53,52)
static_B <- c(67,63,50,60,61,69,43,58,36,29)

